289200
FIN AJOUT DANS ARRAY
(202443, 20)
(86762, 20)
pourcentage: 0.6999982711225601
DEBUT TRAIN
FIN TRAIN
0.37642055277656117
[[8276  418  354 1760 3192 1707 2193  432  668  135  456]
 [ 672 1051   55  315  467  221  422  131  301   31  123]
 [ 589   70  961   93  181   76  431   85   56   17   95]
 [2191  267   86 2001 2432 1474  688  153  418   66  128]
 [2637  241  121 1626 7115 1819 1144  221  434   92   62]
 [1683  193   64 1225 2260 3871  404  131  360   46   68]
 [2268  228  262  457 1204  328 4461  377  459   98  228]
 [ 853   87   87  226  349  165  589 1500  148   15   99]
 [ 887  213   50  475  679  465  758  132 2100   24  109]
 [ 282   39   28  190  366  127  261   36   82  137   31]
 [ 694  125  136  109  111   74  305  108  178   22 1186]]
0.39087388488047764